@subtask samples
manual sample1.in
manual sample2.in

@subtask s1
@include samples
rand 1000 1000 1000000000
rand 1000 200 1000000000
rand 1000 50 1000000000
rand 1000 10 1000000000
rand 1000 10 1000
rand 1000 10 10
rand 1000 2 1000000000
rand 1000 1 1000000000
gen 1000 200 500000000 200 10000 1000000000
gen 1000 200 888000000 200 0 1000000000
gen 1000 200 499999999 500 100 1000000000
gen 1000 100 100000000 10000 0 200
gen 1000 20 433339999 88888 9999 200
gen 1000 20 433339999 77779 1414 50
gen 1000 5 299989999 100 10 20
gen 1000 20 433339999 20 10 200
spike 1000 100 100000000 1000 333 200
spike 1000 20 433339999 77779 1414 50
spike 1000 10 299989999 99 50 50
spike 1000 5 299989999 100 10 20

@subtask s2
rand 1000000 1000 1000000000 1
rand 1000000 1000 878787878 1
rand 1000000 1000 100000 1
rand 1000000 1000 10 1
gen 1000000 1000 1 20 100 1000000000 1
gen 1000000 1000 299999999 500 100 1000000000 1
gen 1000000 1000 433339999 777 0 1000000000 1
gen 1000000 1000 833339999 99900 0 10000 1
gen 1000000 1000 300000000 10000 0 300 1
gen 1000000 1000 433339999 77779 1414 500 1
gen 1000000 1000 433339999 20 10 200 1
spike 1000000 1000 1000000 1000 333 10000 1
spike 1000000 1000 33339999 77779 1414 50 1
spike 1000000 1000 9989999 99 50 50 1
spike 1000000 1000 89999 100 10 10000 1

@subtask s3
@include samples
@include s1
@include s2 
rand 1000000 1000 1000000000
rand 1000000 1000 10
rand 1000000 2 1000000000
gen 1000000 1000 500000000 200 10000 1000000000
gen 1000000 1000 499999999 500 100 1000000000
gen 1000000 1000 700000000 10000 0 2000
gen 1000000 1000 833339999 88888 9999 20000
gen 1000000 1000 9989999 100 50 50
spike 1000000 1000 500000000 10 0 1000
spike 1000000 1000 500000000 77777 20000 500
spike 1000000 1000 500000000 50000 10000 50
spike 1000000 1000 500000000 1000 333 5000
spike 1000000 1000 433339999 77779 1414 100000
spike 1000000 1000 599989999 99 50 2000
spike 1000000 1000 299989999 100 10 10000